# WMAP-1 transfer function from CAMB
  0.116808E-04  0.201221E+08  0.201221E+08  0.268078E+08  0.268078E+08  0.000000E+00  0.201221E+08  0.201221E+08  0.201305E+08 -0.447938E+00  0.930870E+07  0.930870E+07  0.723367E-02
  0.142669E-04  0.201220E+08  0.201220E+08  0.267972E+08  0.267971E+08  0.000000E+00  0.201220E+08  0.201220E+08  0.201305E+08 -0.447937E+00  0.930869E+07  0.930869E+07  0.883505E-02
  0.174257E-04  0.201220E+08  0.201220E+08  0.267813E+08  0.267812E+08  0.000000E+00  0.201220E+08  0.201220E+08  0.201304E+08 -0.447936E+00  0.930867E+07  0.930867E+07  0.107909E-01
  0.212837E-04  0.201220E+08  0.201220E+08  0.267576E+08  0.267575E+08  0.000000E+00  0.201220E+08  0.201220E+08  0.201304E+08 -0.447935E+00  0.930865E+07  0.930865E+07  0.131794E-01
  0.259960E-04  0.201219E+08  0.201219E+08  0.267223E+08  0.267222E+08  0.000000E+00  0.201219E+08  0.201219E+08  0.201303E+08 -0.447933E+00  0.930862E+07  0.930862E+07  0.160964E-01
  0.317516E-04  0.201218E+08  0.201218E+08  0.266698E+08  0.266695E+08  0.000000E+00  0.201218E+08  0.201218E+08  0.201302E+08 -0.447930E+00  0.930856E+07  0.930856E+07  0.196584E-01
  0.387815E-04  0.201216E+08  0.201216E+08  0.265916E+08  0.265912E+08  0.000000E+00  0.201216E+08  0.201216E+08  0.201300E+08 -0.447925E+00  0.930849E+07  0.930849E+07  0.240075E-01
  0.473679E-04  0.201214E+08  0.201214E+08  0.264753E+08  0.264747E+08  0.000000E+00  0.201214E+08  0.201214E+08  0.201297E+08 -0.447918E+00  0.930837E+07  0.930837E+07  0.293167E-01
  0.578552E-04  0.201210E+08  0.201210E+08  0.263026E+08  0.263018E+08  0.000000E+00  0.201210E+08  0.201210E+08  0.201293E+08 -0.447908E+00  0.930820E+07  0.930820E+07  0.357966E-01
  0.706645E-04  0.201205E+08  0.201205E+08  0.260469E+08  0.260457E+08  0.000000E+00  0.201205E+08  0.201205E+08  0.201287E+08 -0.447892E+00  0.930795E+07  0.930795E+07  0.437021E-01
  0.863099E-04  0.201197E+08  0.201197E+08  0.256697E+08  0.256679E+08  0.000000E+00  0.201197E+08  0.201197E+08  0.201277E+08 -0.447869E+00  0.930757E+07  0.930757E+07  0.533417E-01
  0.105419E-03  0.201185E+08  0.201185E+08  0.251161E+08  0.251135E+08  0.000000E+00  0.201185E+08  0.201185E+08  0.201264E+08 -0.447835E+00  0.930701E+07  0.930701E+07  0.650861E-01
  0.128759E-03  0.201167E+08  0.201167E+08  0.243104E+08  0.243066E+08  0.000000E+00  0.201167E+08  0.201167E+08  0.201244E+08 -0.447785E+00  0.930618E+07  0.930618E+07  0.793779E-01
  0.157267E-03  0.201141E+08  0.201141E+08  0.231519E+08  0.231464E+08  0.000000E+00  0.201141E+08  0.201141E+08  0.201214E+08 -0.447710E+00  0.930494E+07  0.930494E+07  0.967394E-01
  0.192086E-03  0.201102E+08  0.201102E+08  0.215167E+08  0.215090E+08  0.000000E+00  0.201102E+08  0.201102E+08  0.201170E+08 -0.447600E+00  0.930310E+07  0.930310E+07  0.117777E+00
  0.234615E-03  0.201045E+08  0.201044E+08  0.192722E+08  0.192614E+08  0.000000E+00  0.201045E+08  0.201045E+08  0.201105E+08 -0.447440E+00  0.930039E+07  0.930039E+07  0.143179E+00
  0.286559E-03  0.200960E+08  0.200960E+08  0.163199E+08  0.163053E+08  0.000000E+00  0.200960E+08  0.200960E+08  0.201011E+08 -0.447209E+00  0.929640E+07  0.929640E+07  0.173701E+00
  0.350004E-03  0.200837E+08  0.200837E+08  0.126837E+08  0.126644E+08  0.000000E+00  0.200837E+08  0.200837E+08  0.200877E+08 -0.446879E+00  0.929059E+07  0.929059E+07  0.210140E+00
  0.427495E-03  0.200659E+08  0.200659E+08  0.864526E+07  0.862048E+07  0.000000E+00  0.200659E+08  0.200659E+08  0.200686E+08 -0.446415E+00  0.928219E+07  0.928219E+07  0.253304E+00
  0.522144E-03  0.200405E+08  0.200405E+08  0.485377E+07  0.482201E+07  0.000000E+00  0.200405E+08  0.200405E+08  0.200421E+08 -0.445777E+00  0.927020E+07  0.927020E+07  0.304000E+00
  0.637749E-03  0.200049E+08  0.200048E+08  0.218648E+07  0.214476E+07  0.000000E+00  0.200049E+08  0.200049E+08  0.200055E+08 -0.444918E+00  0.925339E+07  0.925339E+07  0.363109E+00
  0.778948E-03  0.199556E+08  0.199555E+08  0.109223E+07  0.103799E+07  0.000000E+00  0.199556E+08  0.199556E+08  0.199559E+08 -0.443777E+00  0.923026E+07  0.923026E+07  0.431769E+00
  0.951409E-03  0.198888E+08  0.198887E+08  0.843567E+06  0.783877E+06  0.000000E+00  0.198888E+08  0.198888E+08  0.198890E+08 -0.442267E+00  0.919902E+07  0.919902E+07  0.511564E+00
  0.116205E-02  0.197994E+08  0.197993E+08  0.384070E+06  0.335482E+06  0.000000E+00  0.197994E+08  0.197994E+08  0.197995E+08 -0.440266E+00  0.915746E+07  0.915746E+07  0.604454E+00
  0.141934E-02  0.196815E+08  0.196812E+08  0.127143E+06  0.775954E+05  0.000000E+00  0.196814E+08  0.196814E+08  0.196815E+08 -0.437632E+00  0.910272E+07  0.910272E+07  0.712510E+00
  0.173358E-02  0.195276E+08  0.195271E+08 -0.253091E+06 -0.253164E+06  0.000000E+00  0.195275E+08  0.195275E+08  0.195274E+08 -0.434200E+00  0.903147E+07  0.903147E+07  0.838053E+00
  0.211740E-02  0.193291E+08  0.193285E+08 -0.167914E+06 -0.167962E+06  0.000000E+00  0.193290E+08  0.193290E+08  0.193289E+08 -0.429783E+00  0.893957E+07  0.893956E+07  0.983825E+00
  0.258620E-02  0.190763E+08  0.190754E+08 -0.111077E+06 -0.111109E+06  0.000000E+00  0.190762E+08  0.190762E+08  0.190761E+08 -0.424160E+00  0.882258E+07  0.882257E+07  0.115282E+01
  0.315879E-02  0.187586E+08  0.187573E+08 -0.732141E+05 -0.732350E+05  0.000000E+00  0.187584E+08  0.187584E+08  0.187584E+08 -0.417093E+00  0.867555E+07  0.867554E+07  0.134835E+01
  0.385815E-02  0.183646E+08  0.183626E+08 -0.480444E+05 -0.480581E+05  0.000000E+00  0.183642E+08  0.183642E+08  0.183642E+08 -0.408328E+00  0.849322E+07  0.849321E+07  0.157394E+01
  0.471236E-02  0.178824E+08  0.178795E+08 -0.313587E+05 -0.313676E+05  0.000000E+00  0.178819E+08  0.178819E+08  0.178819E+08 -0.397603E+00  0.827014E+07  0.827011E+07  0.183303E+01
  0.575569E-02  0.173003E+08  0.172960E+08 -0.203356E+05 -0.203414E+05  0.000000E+00  0.172995E+08  0.172995E+08  0.172995E+08 -0.384654E+00  0.800079E+07  0.800076E+07  0.212837E+01
  0.703001E-02  0.166065E+08  0.166003E+08 -0.130843E+05 -0.130881E+05  0.000000E+00  0.166054E+08  0.166054E+08  0.166054E+08 -0.369221E+00  0.767977E+07  0.767972E+07  0.246082E+01
  0.858648E-02  0.157896E+08  0.157806E+08 -0.833889E+04 -0.834127E+04  0.000000E+00  0.157880E+08  0.157880E+08  0.157880E+08 -0.351044E+00  0.730170E+07  0.730163E+07  0.282717E+01
  0.104875E-01  0.148381E+08  0.148254E+08 -0.525263E+04 -0.525413E+04  0.000000E+00  0.148358E+08  0.148358E+08  0.148358E+08 -0.329874E+00  0.686137E+07  0.686126E+07  0.321647E+01
  0.128095E-01  0.137419E+08  0.137242E+08 -0.326058E+04 -0.326151E+04  0.000000E+00  0.137387E+08  0.137387E+08  0.137387E+08 -0.305480E+00  0.635397E+07  0.635384E+07  0.360434E+01
  0.156456E-01  0.124943E+08  0.124701E+08 -0.198699E+04 -0.198755E+04  0.000000E+00  0.124900E+08  0.124900E+08  0.124900E+08 -0.277713E+00  0.577644E+07  0.577625E+07  0.394512E+01
  0.191096E-01  0.110992E+08  0.110673E+08 -0.118301E+04 -0.118335E+04  0.000000E+00  0.110934E+08  0.110934E+08  0.110934E+08 -0.246662E+00  0.513058E+07  0.513034E+07  0.416358E+01
  0.233405E-01  0.958460E+07  0.954487E+07 -0.684639E+03 -0.684834E+03  0.000000E+00  0.957745E+07  0.957745E+07  0.957745E+07 -0.212954E+00  0.442947E+07  0.442918E+07  0.415245E+01
  0.285081E-01  0.802348E+07  0.797779E+07 -0.384079E+03 -0.384188E+03  0.000000E+00  0.801526E+07  0.801526E+07  0.801526E+07 -0.178219E+00  0.370699E+07  0.370666E+07  0.379044E+01
  0.348199E-01  0.659901E+07  0.655263E+07 -0.211700E+03 -0.211760E+03  0.000000E+00  0.659066E+07  0.659066E+07  0.659066E+07 -0.146543E+00  0.304813E+07  0.304782E+07  0.300682E+01
  0.425291E-01  0.535426E+07  0.531547E+07 -0.115134E+03 -0.115167E+03  0.000000E+00  0.534727E+07  0.534727E+07  0.534727E+07 -0.118896E+00  0.247307E+07  0.247283E+07  0.189279E+01
  0.519452E-01  0.449632E+07  0.447178E+07 -0.648288E+02 -0.648473E+02  0.000000E+00  0.449190E+07  0.449190E+07  0.449190E+07 -0.998771E-01  0.207746E+07  0.207733E+07  0.816587E+00
  0.634460E-01  0.379080E+07  0.377756E+07 -0.366493E+02 -0.366597E+02  0.000000E+00  0.378842E+07  0.378842E+07  0.378842E+07 -0.842352E-01  0.175209E+07  0.175204E+07  0.274012E+00
  0.774931E-01  0.300388E+07  0.299000E+07 -0.194635E+02 -0.194690E+02  0.000000E+00  0.300138E+07  0.300138E+07  0.300138E+07 -0.667354E-01  0.138810E+07  0.138803E+07  0.331104E+00
  0.946502E-01  0.223744E+07  0.222160E+07 -0.971397E+01 -0.971674E+01  0.000000E+00  0.223459E+07  0.223459E+07  0.223459E+07 -0.496859E-01  0.103348E+07  0.103338E+07  0.345253E+00
  0.115606E+00  0.182859E+07  0.182076E+07 -0.532402E+01 -0.532554E+01  0.000000E+00  0.182718E+07  0.182718E+07  0.182718E+07 -0.406272E-01  0.845047E+06  0.845012E+06  0.101981E+00
  0.141202E+00  0.138290E+07  0.137508E+07 -0.269836E+01 -0.269913E+01  0.000000E+00  0.138149E+07  0.138149E+07  0.138149E+07 -0.307173E-01  0.638924E+06  0.638879E+06  0.107024E+00
  0.172464E+00  0.106647E+07  0.106141E+07 -0.139509E+01 -0.139549E+01  0.000000E+00  0.106556E+07  0.106556E+07  0.106556E+07 -0.236926E-01  0.492807E+06  0.492782E+06  0.481516E-01
  0.210648E+00  0.788924E+06  0.784242E+06 -0.691655E+00 -0.691853E+00  0.000000E+00  0.788082E+06  0.788082E+06  0.788082E+06 -0.175229E-01  0.364480E+06  0.364453E+06  0.423287E-01
  0.257286E+00  0.600730E+06  0.597593E+06 -0.353075E+00 -0.353176E+00  0.000000E+00  0.600166E+06  0.600166E+06  0.600166E+06 -0.133446E-01  0.277570E+06  0.277553E+06  0.220122E-01
  0.314250E+00  0.447301E+06  0.445002E+06 -0.176228E+00 -0.176278E+00  0.000000E+00  0.446887E+06  0.446887E+06  0.446887E+06 -0.993650E-02  0.206680E+06  0.206668E+06  0.130071E-01
  0.383826E+00  0.329539E+06  0.327809E+06 -0.870273E-01 -0.870521E-01  0.000000E+00  0.329227E+06  0.329227E+06  0.329227E+06 -0.732034E-02  0.152264E+06  0.152255E+06  0.806078E-02
  0.468806E+00  0.242080E+06  0.240820E+06 -0.428542E-01 -0.428664E-01  0.000000E+00  0.241853E+06  0.241853E+06  0.241853E+06 -0.537758E-02  0.111854E+06  0.111848E+06  0.476906E-02
  0.572601E+00  0.176734E+06  0.175815E+06 -0.209719E-01 -0.209779E-01  0.000000E+00  0.176569E+06  0.176569E+06  0.176569E+06 -0.392599E-02  0.816610E+05  0.816561E+05  0.284992E-02
  0.699376E+00  0.128356E+06  0.127689E+06 -0.102098E-01 -0.102127E-01  0.000000E+00  0.128236E+06  0.128236E+06  0.128236E+06 -0.285131E-02  0.593076E+05  0.593041E+05  0.169184E-02
  0.854220E+00  0.927772E+05  0.922955E+05 -0.494679E-02 -0.494820E-02  0.000000E+00  0.926905E+05  0.926905E+05  0.926905E+05 -0.206097E-02  0.428683E+05  0.428658E+05  0.100094E-02
  0.104335E+01  0.667721E+05  0.664255E+05 -0.238649E-02 -0.238717E-02  0.000000E+00  0.667097E+05  0.667097E+05  0.667097E+05 -0.148328E-02  0.308525E+05  0.308506E+05  0.590058E-03
  0.127435E+01  0.478688E+05  0.476204E+05 -0.114683E-02 -0.114716E-02  0.000000E+00  0.478241E+05  0.478241E+05  0.478241E+05 -0.106337E-02  0.221181E+05  0.221168E+05  0.346734E-03
  0.155649E+01  0.341944E+05  0.340170E+05 -0.549142E-03 -0.549298E-03  0.000000E+00  0.341625E+05  0.341625E+05  0.341625E+05 -0.759600E-03  0.157998E+05  0.157988E+05  0.203223E-03
  0.190110E+01  0.243465E+05  0.242202E+05 -0.262089E-03 -0.262163E-03  0.000000E+00  0.243238E+05  0.243238E+05  0.243238E+05 -0.540837E-03  0.112495E+05  0.112488E+05  0.118887E-03
  0.232201E+01  0.172828E+05  0.171932E+05 -0.124712E-03 -0.124748E-03  0.000000E+00  0.172667E+05  0.172667E+05  0.172667E+05 -0.383924E-03  0.798566E+04  0.798517E+04  0.694812E-04
  0.283611E+01  0.122348E+05  0.121713E+05 -0.591798E-04 -0.591967E-04  0.000000E+00  0.122234E+05  0.122234E+05  0.122234E+05 -0.271786E-03  0.565319E+04  0.565284E+04  0.406140E-04
  0.346403E+01  0.863930E+04  0.859445E+04 -0.280115E-04 -0.280195E-04  0.000000E+00  0.863123E+04  0.863123E+04  0.863123E+04 -0.191915E-03  0.399185E+04  0.399160E+04  0.237810E-04
  0.423098E+01  0.608618E+04  0.605456E+04 -0.132277E-04 -0.132315E-04  0.000000E+00  0.608049E+04  0.608049E+04  0.608049E+04 -0.135199E-03  0.281216E+04  0.281198E+04  0.139779E-04
  0.516773E+01  0.427831E+04  0.425607E+04 -0.623298E-05 -0.623476E-05  0.000000E+00  0.427431E+04  0.427431E+04  0.427431E+04 -0.950389E-04  0.197682E+04  0.197669E+04  0.827069E-05
  0.631188E+01  0.300144E+04  0.298581E+04 -0.293112E-05 -0.293196E-05  0.000000E+00  0.299862E+04  0.299862E+04  0.299862E+04 -0.666741E-04  0.138683E+04  0.138674E+04  0.494477E-05
  0.770935E+01  0.210175E+04  0.209078E+04 -0.137584E-05 -0.137623E-05  0.000000E+00  0.209978E+04  0.209978E+04  0.209978E+04 -0.466883E-04  0.971124E+03  0.971055E+03  0.300140E-05
  0.941622E+01  0.146920E+04  0.146151E+04 -0.644690E-06 -0.644874E-06  0.000000E+00  0.146782E+04  0.146782E+04  0.146782E+04 -0.326368E-04  0.678850E+03  0.678798E+03  0.186010E-05
  0.115010E+02  0.102537E+04  0.101997E+04 -0.301601E-06 -0.301687E-06  0.000000E+00  0.102440E+04  0.102440E+04  0.102440E+04 -0.227774E-04  0.473774E+03  0.473733E+03  0.118427E-05
  0.140473E+02  0.714530E+03  0.710736E+03 -0.140882E-06 -0.140922E-06  0.000000E+00  0.713847E+03  0.713847E+03  0.713847E+03 -0.158723E-04  0.330148E+03  0.330115E+03  0.779030E-06
  0.171575E+02  0.497214E+03  0.494543E+03 -0.657142E-07 -0.657330E-07  0.000000E+00  0.496733E+03  0.496733E+03  0.496733E+03 -0.110448E-04  0.229735E+03  0.229708E+03  0.531693E-06
  0.209562E+02  0.345527E+03  0.343638E+03 -0.306112E-07 -0.306199E-07  0.000000E+00  0.345187E+03  0.345187E+03  0.345187E+03 -0.767520E-05  0.159647E+03  0.159623E+03  0.377076E-06
  0.255959E+02  0.239806E+03  0.238462E+03 -0.142410E-07 -0.142451E-07  0.000000E+00  0.239564E+03  0.239564E+03  0.239564E+03 -0.532668E-05  0.110797E+03  0.110776E+03  0.277451E-06
  0.312629E+02  0.166226E+03  0.165259E+03 -0.661702E-08 -0.661890E-08  0.000000E+00  0.166052E+03  0.166052E+03  0.166052E+03 -0.369215E-05  0.767988E+02  0.767790E+02  0.210922E-06
  0.381846E+02  0.115082E+03  0.114377E+03 -0.307081E-08 -0.307169E-08  0.000000E+00  0.114955E+03  0.114955E+03  0.114955E+03 -0.255601E-05  0.531671E+02  0.531482E+02  0.164721E-06
  0.466388E+02  0.795754E+02  0.790511E+02 -0.142334E-08 -0.142375E-08  0.000000E+00  0.794811E+02  0.794811E+02  0.794811E+02 -0.176726E-05  0.367609E+02  0.367426E+02  0.131342E-06
  0.569648E+02  0.549542E+02  0.545542E+02 -0.658891E-09 -0.659079E-09  0.000000E+00  0.548822E+02  0.548822E+02  0.548822E+02 -0.122030E-05  0.253843E+02  0.253661E+02  0.106317E-06
  0.695770E+02  0.378989E+02  0.375843E+02 -0.304596E-09 -0.304683E-09  0.000000E+00  0.378423E+02  0.378423E+02  0.378423E+02 -0.841420E-06  0.175035E+02  0.174854E+02  0.869415E-07
  0.849815E+02  0.260965E+02  0.258401E+02 -0.140593E-09 -0.140633E-09  0.000000E+00  0.260503E+02  0.260503E+02  0.260503E+02 -0.579227E-06  0.120499E+02  0.120317E+02  0.715351E-07
  0.103797E+03  0.179367E+02  0.177203E+02 -0.647756E-10 -0.647940E-10  0.000000E+00  0.178977E+02  0.178977E+02  0.178977E+02 -0.397955E-06  0.827950E+01  0.826114E+01  0.590218E-07
  0.126777E+03  0.123006E+02  0.121115E+02 -0.297773E-10 -0.297857E-10  0.000000E+00  0.122666E+02  0.122666E+02  0.122666E+02 -0.272746E-06  0.567517E+01  0.565667E+01  0.486863E-07
  0.154846E+03  0.841136E+01  0.824147E+01 -0.136495E-10 -0.136534E-10  0.000000E+00  0.838078E+01  0.838078E+01  0.838078E+01 -0.186346E-06  0.387806E+01  0.385947E+01  0.400344E-07
  0.189130E+03  0.573054E+01  0.557480E+01 -0.623370E-11 -0.623546E-11  0.000000E+00  0.570251E+01  0.570251E+01  0.570251E+01 -0.126795E-06  0.263939E+01  0.262084E+01  0.327130E-07
  0.231004E+03  0.388539E+01  0.374117E+01 -0.283333E-11 -0.283413E-11  0.000000E+00  0.385943E+01  0.385943E+01  0.385943E+01 -0.858141E-07  0.178696E+01  0.176863E+01  0.264653E-07
  0.282149E+03  0.261833E+01  0.248488E+01 -0.128003E-11 -0.128039E-11  0.000000E+00  0.259431E+01  0.259431E+01  0.259431E+01 -0.576842E-07  0.120179E+01  0.118394E+01  0.211095E-07
  0.344617E+03  0.175165E+01  0.162963E+01 -0.574149E-12 -0.574308E-12  0.000000E+00  0.172968E+01  0.172968E+01  0.172968E+01 -0.384594E-07  0.801818E+00  0.784743E+00  0.165281E-07
  0.420916E+03  0.116270E+01  0.105362E+01 -0.255575E-12 -0.255645E-12  0.000000E+00  0.114307E+01  0.114307E+01  0.114307E+01 -0.254160E-07  0.530375E+00  0.514400E+00  0.126606E-07
  0.514108E+03  0.766513E+00  0.671856E+00 -0.113041E-12 -0.113071E-12  0.000000E+00  0.749475E+00  0.749475E+00  0.749475E+00 -0.166645E-07  0.348175E+00  0.333553E+00  0.948746E-08
  0.627933E+03  0.503465E+00  0.423692E+00 -0.498539E-13 -0.498670E-13  0.000000E+00  0.489106E+00  0.489106E+00  0.489106E+00 -0.108752E-07  0.227576E+00  0.214416E+00  0.699111E-08
  0.766959E+03  0.330842E+00  0.264879E+00 -0.220232E-13 -0.220288E-13  0.000000E+00  0.318969E+00  0.318969E+00  0.318969E+00 -0.709224E-08  0.148717E+00  0.136987E+00  0.510170E-08
  0.936765E+03  0.218002E+00  0.163945E+00 -0.976829E-14 -0.977067E-14  0.000000E+00  0.208272E+00  0.208272E+00  0.208272E+00 -0.463091E-08  0.973592E-01  0.870089E-01  0.368569E-08
  0.114417E+04  0.144022E+00  0.100281E+00 -0.434962E-14 -0.435063E-14  0.000000E+00  0.136148E+00  0.136148E+00  0.136148E+00 -0.302725E-08  0.638478E-01  0.548590E-01  0.262067E-08
  0.139749E+04  0.954707E-01  0.606104E-01 -0.194671E-14 -0.194713E-14  0.000000E+00  0.891959E-01  0.891959E-01  0.891959E-01 -0.198326E-08  0.419894E-01  0.342903E-01  0.183775E-08
  0.170690E+04  0.635227E-01  0.360971E-01 -0.875889E-15 -0.876064E-15  0.000000E+00  0.585861E-01  0.585861E-01  0.585861E-01 -0.130266E-08  0.277026E-01  0.212142E-01  0.126801E-08
  0.208481E+04  0.424195E-01  0.211595E-01 -0.396131E-15 -0.396203E-15  0.000000E+00  0.385927E-01  0.385927E-01  0.385927E-01 -0.858105E-09  0.183401E-01  0.129625E-01  0.860434E-09
  0.254639E+04  0.284254E-01  0.121857E-01 -0.179983E-15 -0.180012E-15  0.000000E+00  0.255023E-01  0.255023E-01  0.255023E-01 -0.567041E-09  0.121850E-01  0.780864E-02  0.573304E-09
  0.311017E+04  0.191091E-01  0.688466E-02 -0.820958E-16 -0.821073E-16  0.000000E+00  0.169087E-01  0.169087E-01  0.169087E-01 -0.375964E-09  0.812469E-02  0.462927E-02  0.374896E-09
  0.379878E+04  0.128829E-01  0.381270E-02 -0.375596E-16 -0.375641E-16  0.000000E+00  0.112502E-01  0.112502E-01  0.112502E-01 -0.250148E-09  0.543640E-02  0.269718E-02  0.240536E-09
  0.463983E+04  0.870668E-02  0.206879E-02 -0.172198E-16 -0.172215E-16  0.000000E+00  0.751186E-02  0.751186E-02  0.751186E-02 -0.167026E-09  0.364968E-02  0.154289E-02  0.151467E-09
  0.566711E+04  0.589631E-02  0.110000E-02 -0.790400E-17 -0.790464E-17  0.000000E+00  0.503298E-02  0.503298E-02  0.503298E-02 -0.111908E-09  0.245758E-02  0.866276E-03  0.936675E-10
  0.692181E+04  0.399958E-02  0.573549E-03 -0.362950E-17 -0.362974E-17  0.000000E+00  0.338289E-02  0.338289E-02  0.338289E-02 -0.752183E-10  0.165920E-02  0.477436E-03  0.569518E-10
  0.845433E+04  0.271634E-02  0.293597E-03 -0.166638E-17 -0.166647E-17  0.000000E+00  0.228025E-02  0.228025E-02  0.228025E-02 -0.507011E-10  0.112264E-02  0.258420E-03  0.340988E-10
  0.103261E+05  0.184649E-02  0.147769E-03 -0.764655E-18 -0.764686E-18  0.000000E+00  0.154072E-02  0.154072E-02  0.154072E-02 -0.342577E-10  0.760915E-03  0.137476E-03  0.201397E-10
