# WMAP-5 transfer function from CAMB
  0.104136E-04  0.201742E+08  0.201742E+08  0.268830E+08  0.268829E+08  0.000000E+00  0.201742E+08
  0.109475E-04  0.201742E+08  0.201742E+08  0.268813E+08  0.268812E+08  0.000000E+00  0.201742E+08
  0.115088E-04  0.201742E+08  0.201742E+08  0.268794E+08  0.268794E+08  0.000000E+00  0.201742E+08
  0.120988E-04  0.201742E+08  0.201742E+08  0.268773E+08  0.268773E+08  0.000000E+00  0.201742E+08
  0.127192E-04  0.201742E+08  0.201742E+08  0.268751E+08  0.268750E+08  0.000000E+00  0.201742E+08
  0.133713E-04  0.201742E+08  0.201742E+08  0.268726E+08  0.268725E+08  0.000000E+00  0.201742E+08
  0.140569E-04  0.201742E+08  0.201742E+08  0.268698E+08  0.268697E+08  0.000000E+00  0.201742E+08
  0.147776E-04  0.201742E+08  0.201742E+08  0.268667E+08  0.268667E+08  0.000000E+00  0.201742E+08
  0.155352E-04  0.201742E+08  0.201742E+08  0.268633E+08  0.268633E+08  0.000000E+00  0.201742E+08
  0.163317E-04  0.201742E+08  0.201742E+08  0.268596E+08  0.268595E+08  0.000000E+00  0.201742E+08
  0.171691E-04  0.201742E+08  0.201742E+08  0.268554E+08  0.268554E+08  0.000000E+00  0.201742E+08
  0.180494E-04  0.201741E+08  0.201741E+08  0.268509E+08  0.268508E+08  0.000000E+00  0.201741E+08
  0.189748E-04  0.201741E+08  0.201741E+08  0.268458E+08  0.268457E+08  0.000000E+00  0.201741E+08
  0.199476E-04  0.201741E+08  0.201741E+08  0.268402E+08  0.268401E+08  0.000000E+00  0.201741E+08
  0.209704E-04  0.201741E+08  0.201741E+08  0.268340E+08  0.268339E+08  0.000000E+00  0.201741E+08
  0.220455E-04  0.201741E+08  0.201741E+08  0.268272E+08  0.268271E+08  0.000000E+00  0.201741E+08
  0.231758E-04  0.201741E+08  0.201741E+08  0.268197E+08  0.268196E+08  0.000000E+00  0.201741E+08
  0.243641E-04  0.201741E+08  0.201741E+08  0.268113E+08  0.268112E+08  0.000000E+00  0.201741E+08
  0.256133E-04  0.201740E+08  0.201740E+08  0.268021E+08  0.268020E+08  0.000000E+00  0.201740E+08
  0.269265E-04  0.201740E+08  0.201740E+08  0.267920E+08  0.267918E+08  0.000000E+00  0.201740E+08
  0.283070E-04  0.201740E+08  0.201740E+08  0.267807E+08  0.267806E+08  0.000000E+00  0.201740E+08
  0.297584E-04  0.201740E+08  0.201740E+08  0.267683E+08  0.267681E+08  0.000000E+00  0.201740E+08
  0.312841E-04  0.201739E+08  0.201739E+08  0.267546E+08  0.267544E+08  0.000000E+00  0.201739E+08
  0.328881E-04  0.201739E+08  0.201739E+08  0.267395E+08  0.267392E+08  0.000000E+00  0.201739E+08
  0.345743E-04  0.201739E+08  0.201739E+08  0.267228E+08  0.267225E+08  0.000000E+00  0.201739E+08
  0.363469E-04  0.201738E+08  0.201738E+08  0.267043E+08  0.267040E+08  0.000000E+00  0.201738E+08
  0.382105E-04  0.201738E+08  0.201738E+08  0.266839E+08  0.266836E+08  0.000000E+00  0.201738E+08
  0.401696E-04  0.201738E+08  0.201738E+08  0.266614E+08  0.266610E+08  0.000000E+00  0.201738E+08
  0.422291E-04  0.201737E+08  0.201737E+08  0.266365E+08  0.266361E+08  0.000000E+00  0.201737E+08
  0.443943E-04  0.201737E+08  0.201737E+08  0.266090E+08  0.266086E+08  0.000000E+00  0.201737E+08
  0.466704E-04  0.201736E+08  0.201736E+08  0.265787E+08  0.265782E+08  0.000000E+00  0.201736E+08
  0.490632E-04  0.201735E+08  0.201735E+08  0.265452E+08  0.265447E+08  0.000000E+00  0.201735E+08
  0.515788E-04  0.201734E+08  0.201734E+08  0.265082E+08  0.265076E+08  0.000000E+00  0.201734E+08
  0.542233E-04  0.201734E+08  0.201734E+08  0.264674E+08  0.264668E+08  0.000000E+00  0.201734E+08
  0.570034E-04  0.201733E+08  0.201733E+08  0.264224E+08  0.264217E+08  0.000000E+00  0.201733E+08
  0.599260E-04  0.201732E+08  0.201732E+08  0.263727E+08  0.263720E+08  0.000000E+00  0.201732E+08
  0.629985E-04  0.201731E+08  0.201731E+08  0.263179E+08  0.263171E+08  0.000000E+00  0.201731E+08
  0.662285E-04  0.201729E+08  0.201729E+08  0.262575E+08  0.262566E+08  0.000000E+00  0.201729E+08
  0.696241E-04  0.201728E+08  0.201728E+08  0.261908E+08  0.261898E+08  0.000000E+00  0.201728E+08
  0.731938E-04  0.201726E+08  0.201726E+08  0.261174E+08  0.261162E+08  0.000000E+00  0.201726E+08
  0.769465E-04  0.201725E+08  0.201725E+08  0.260364E+08  0.260351E+08  0.000000E+00  0.201725E+08
  0.808916E-04  0.201723E+08  0.201723E+08  0.259471E+08  0.259457E+08  0.000000E+00  0.201723E+08
  0.850390E-04  0.201721E+08  0.201721E+08  0.258488E+08  0.258473E+08  0.000000E+00  0.201721E+08
  0.893991E-04  0.201719E+08  0.201719E+08  0.257406E+08  0.257389E+08  0.000000E+00  0.201719E+08
  0.939826E-04  0.201716E+08  0.201716E+08  0.256214E+08  0.256196E+08  0.000000E+00  0.201716E+08
  0.988012E-04  0.201713E+08  0.201713E+08  0.254903E+08  0.254883E+08  0.000000E+00  0.201713E+08
  0.103867E-03  0.201710E+08  0.201710E+08  0.253461E+08  0.253439E+08  0.000000E+00  0.201710E+08
  0.109192E-03  0.201707E+08  0.201707E+08  0.251876E+08  0.251852E+08  0.000000E+00  0.201707E+08
  0.114791E-03  0.201703E+08  0.201703E+08  0.250135E+08  0.250108E+08  0.000000E+00  0.201703E+08
  0.120676E-03  0.201699E+08  0.201699E+08  0.248224E+08  0.248194E+08  0.000000E+00  0.201699E+08
  0.126863E-03  0.201695E+08  0.201695E+08  0.246127E+08  0.246095E+08  0.000000E+00  0.201695E+08
  0.133368E-03  0.201690E+08  0.201690E+08  0.243828E+08  0.243793E+08  0.000000E+00  0.201690E+08
  0.140206E-03  0.201684E+08  0.201684E+08  0.241310E+08  0.241272E+08  0.000000E+00  0.201684E+08
  0.147394E-03  0.201678E+08  0.201678E+08  0.238555E+08  0.238514E+08  0.000000E+00  0.201678E+08
  0.154951E-03  0.201672E+08  0.201672E+08  0.235544E+08  0.235499E+08  0.000000E+00  0.201672E+08
  0.162896E-03  0.201664E+08  0.201664E+08  0.232256E+08  0.232207E+08  0.000000E+00  0.201664E+08
  0.171248E-03  0.201656E+08  0.201656E+08  0.228671E+08  0.228618E+08  0.000000E+00  0.201656E+08
  0.180028E-03  0.201647E+08  0.201647E+08  0.224768E+08  0.224711E+08  0.000000E+00  0.201647E+08
  0.189258E-03  0.201637E+08  0.201637E+08  0.220525E+08  0.220464E+08  0.000000E+00  0.201637E+08
  0.198961E-03  0.201626E+08  0.201626E+08  0.215921E+08  0.215855E+08  0.000000E+00  0.201626E+08
  0.209162E-03  0.201614E+08  0.201614E+08  0.210936E+08  0.210865E+08  0.000000E+00  0.201614E+08
  0.219886E-03  0.201601E+08  0.201601E+08  0.205549E+08  0.205473E+08  0.000000E+00  0.201601E+08
  0.231160E-03  0.201586E+08  0.201586E+08  0.199742E+08  0.199661E+08  0.000000E+00  0.201586E+08
  0.243012E-03  0.201570E+08  0.201570E+08  0.193499E+08  0.193414E+08  0.000000E+00  0.201570E+08
  0.255471E-03  0.201553E+08  0.201552E+08  0.186809E+08  0.186720E+08  0.000000E+00  0.201553E+08
  0.268570E-03  0.201533E+08  0.201533E+08  0.179663E+08  0.179570E+08  0.000000E+00  0.201533E+08
  0.282339E-03  0.201512E+08  0.201512E+08  0.172060E+08  0.171963E+08  0.000000E+00  0.201512E+08
  0.296815E-03  0.201488E+08  0.201488E+08  0.164003E+08  0.163903E+08  0.000000E+00  0.201488E+08
  0.312033E-03  0.201462E+08  0.201462E+08  0.155506E+08  0.155404E+08  0.000000E+00  0.201462E+08
  0.328032E-03  0.201434E+08  0.201433E+08  0.146593E+08  0.146489E+08  0.000000E+00  0.201434E+08
  0.344850E-03  0.201402E+08  0.201402E+08  0.137297E+08  0.137194E+08  0.000000E+00  0.201402E+08
  0.362531E-03  0.201368E+08  0.201368E+08  0.127668E+08  0.127566E+08  0.000000E+00  0.201368E+08
  0.381118E-03  0.201330E+08  0.201330E+08  0.117767E+08  0.117668E+08  0.000000E+00  0.201330E+08
  0.400659E-03  0.201289E+08  0.201289E+08  0.107672E+08  0.107579E+08  0.000000E+00  0.201289E+08
  0.421201E-03  0.201244E+08  0.201244E+08  0.974798E+07  0.973933E+07  0.000000E+00  0.201244E+08
  0.442796E-03  0.201195E+08  0.201194E+08  0.872993E+07  0.872219E+07  0.000000E+00  0.201195E+08
  0.465499E-03  0.201141E+08  0.201140E+08  0.772566E+07  0.771904E+07  0.000000E+00  0.201140E+08
  0.489366E-03  0.201082E+08  0.201081E+08  0.674898E+07  0.674367E+07  0.000000E+00  0.201081E+08
  0.514456E-03  0.201017E+08  0.201017E+08  0.581460E+07  0.581077E+07  0.000000E+00  0.201017E+08
  0.540833E-03  0.200947E+08  0.200947E+08  0.493751E+07  0.493527E+07  0.000000E+00  0.200947E+08
  0.568562E-03  0.200871E+08  0.200870E+08  0.413223E+07  0.413162E+07  0.000000E+00  0.200870E+08
  0.597713E-03  0.200787E+08  0.200787E+08  0.341190E+07  0.341288E+07  0.000000E+00  0.200787E+08
  0.628358E-03  0.200697E+08  0.200697E+08  0.278715E+07  0.278957E+07  0.000000E+00  0.200697E+08
  0.660575E-03  0.200599E+08  0.200598E+08  0.226503E+07  0.226861E+07  0.000000E+00  0.200599E+08
  0.694443E-03  0.200493E+08  0.200492E+08  0.184779E+07  0.185215E+07  0.000000E+00  0.200493E+08
  0.730048E-03  0.200378E+08  0.200377E+08  0.153206E+07  0.153672E+07  0.000000E+00  0.200377E+08
  0.767478E-03  0.200253E+08  0.200252E+08  0.130834E+07  0.131274E+07  0.000000E+00  0.200253E+08
  0.806828E-03  0.200118E+08  0.200118E+08  0.116112E+07  0.116473E+07  0.000000E+00  0.200118E+08
  0.848195E-03  0.199973E+08  0.199972E+08  0.106992E+07  0.107227E+07  0.000000E+00  0.199973E+08
  0.891683E-03  0.199817E+08  0.199815E+08  0.101125E+07  0.101203E+07  0.000000E+00  0.199816E+08
  0.937400E-03  0.199648E+08  0.199647E+08  0.961476E+06  0.960631E+06  0.000000E+00  0.199648E+08
  0.985462E-03  0.199466E+08  0.199465E+08  0.900352E+06  0.898135E+06  0.000000E+00  0.199466E+08
  0.103599E-02  0.199271E+08  0.199269E+08  0.814628E+06  0.811592E+06  0.000000E+00  0.199270E+08
  0.108910E-02  0.199061E+08  0.199059E+08  0.700802E+06  0.697721E+06  0.000000E+00  0.199061E+08
  0.114494E-02  0.198835E+08  0.198834E+08  0.566071E+06  0.563768E+06  0.000000E+00  0.198835E+08
  0.120365E-02  0.198593E+08  0.198592E+08  0.426593E+06  0.425702E+06  0.000000E+00  0.198593E+08
  0.126536E-02  0.198334E+08  0.198332E+08  0.302791E+06  0.303524E+06  0.000000E+00  0.198334E+08
  0.133023E-02  0.198056E+08  0.198054E+08  0.212470E+06  0.214469E+06  0.000000E+00  0.198056E+08
  0.139844E-02  0.197759E+08  0.197756E+08  0.163780E+06  0.166174E+06  0.000000E+00  0.197758E+08
  0.147014E-02  0.197440E+08  0.197437E+08  0.150978E+06  0.152688E+06  0.000000E+00  0.197440E+08
  0.154551E-02  0.197100E+08  0.197097E+08  0.000000E+00  0.000000E+00  0.000000E+00  0.197099E+08
  0.162475E-02  0.196736E+08  0.196733E+08  0.000000E+00  0.000000E+00  0.000000E+00  0.196736E+08
  0.170805E-02  0.196348E+08  0.196344E+08  0.000000E+00  0.000000E+00  0.000000E+00  0.196347E+08
  0.179563E-02  0.195934E+08  0.195930E+08  0.000000E+00  0.000000E+00  0.000000E+00  0.195933E+08
  0.188769E-02  0.195493E+08  0.195488E+08  0.000000E+00  0.000000E+00  0.000000E+00  0.195492E+08
  0.198448E-02  0.195023E+08  0.195017E+08  0.000000E+00  0.000000E+00  0.000000E+00  0.195022E+08
  0.208622E-02  0.194522E+08  0.194517E+08  0.000000E+00  0.000000E+00  0.000000E+00  0.194521E+08
  0.219319E-02  0.193990E+08  0.193984E+08  0.000000E+00  0.000000E+00  0.000000E+00  0.193989E+08
  0.230563E-02  0.193425E+08  0.193418E+08  0.000000E+00  0.000000E+00  0.000000E+00  0.193424E+08
  0.242384E-02  0.192825E+08  0.192817E+08  0.000000E+00  0.000000E+00  0.000000E+00  0.192824E+08
  0.254812E-02  0.192188E+08  0.192180E+08  0.000000E+00  0.000000E+00  0.000000E+00  0.192187E+08
  0.267876E-02  0.191513E+08  0.191504E+08  0.000000E+00  0.000000E+00  0.000000E+00  0.191512E+08
  0.281611E-02  0.190798E+08  0.190788E+08  0.000000E+00  0.000000E+00  0.000000E+00  0.190796E+08
  0.296049E-02  0.190042E+08  0.190030E+08  0.000000E+00  0.000000E+00  0.000000E+00  0.190040E+08
  0.311228E-02  0.189242E+08  0.189229E+08  0.000000E+00  0.000000E+00  0.000000E+00  0.189239E+08
  0.327185E-02  0.188396E+08  0.188382E+08  0.000000E+00  0.000000E+00  0.000000E+00  0.188394E+08
  0.343960E-02  0.187504E+08  0.187489E+08  0.000000E+00  0.000000E+00  0.000000E+00  0.187501E+08
  0.361595E-02  0.186563E+08  0.186546E+08  0.000000E+00  0.000000E+00  0.000000E+00  0.186560E+08
  0.380134E-02  0.185571E+08  0.185553E+08  0.000000E+00  0.000000E+00  0.000000E+00  0.185568E+08
  0.399624E-02  0.184526E+08  0.184506E+08  0.000000E+00  0.000000E+00  0.000000E+00  0.184523E+08
  0.420114E-02  0.183428E+08  0.183405E+08  0.000000E+00  0.000000E+00  0.000000E+00  0.183424E+08
  0.441653E-02  0.182273E+08  0.182248E+08  0.000000E+00  0.000000E+00  0.000000E+00  0.182269E+08
  0.464297E-02  0.181060E+08  0.181033E+08  0.000000E+00  0.000000E+00  0.000000E+00  0.181055E+08
  0.488102E-02  0.179786E+08  0.179757E+08  0.000000E+00  0.000000E+00  0.000000E+00  0.179782E+08
  0.513128E-02  0.178452E+08  0.178419E+08  0.000000E+00  0.000000E+00  0.000000E+00  0.178446E+08
  0.539437E-02  0.177053E+08  0.177018E+08  0.000000E+00  0.000000E+00  0.000000E+00  0.177047E+08
  0.567094E-02  0.175589E+08  0.175550E+08  0.000000E+00  0.000000E+00  0.000000E+00  0.175583E+08
  0.596170E-02  0.174058E+08  0.174015E+08  0.000000E+00  0.000000E+00  0.000000E+00  0.174051E+08
  0.626736E-02  0.172458E+08  0.172411E+08  0.000000E+00  0.000000E+00  0.000000E+00  0.172450E+08
  0.658869E-02  0.170787E+08  0.170735E+08  0.000000E+00  0.000000E+00  0.000000E+00  0.170778E+08
  0.692650E-02  0.169043E+08  0.168987E+08  0.000000E+00  0.000000E+00  0.000000E+00  0.169034E+08
  0.728163E-02  0.167225E+08  0.167163E+08  0.000000E+00  0.000000E+00  0.000000E+00  0.167215E+08
  0.765497E-02  0.165331E+08  0.165263E+08  0.000000E+00  0.000000E+00  0.000000E+00  0.165319E+08
  0.804745E-02  0.163359E+08  0.163284E+08  0.000000E+00  0.000000E+00  0.000000E+00  0.163346E+08
  0.846005E-02  0.161307E+08  0.161225E+08  0.000000E+00  0.000000E+00  0.000000E+00  0.161293E+08
  0.889381E-02  0.159173E+08  0.159083E+08  0.000000E+00  0.000000E+00  0.000000E+00  0.159158E+08
  0.934980E-02  0.156956E+08  0.156858E+08  0.000000E+00  0.000000E+00  0.000000E+00  0.156940E+08
  0.982917E-02  0.154655E+08  0.154548E+08  0.000000E+00  0.000000E+00  0.000000E+00  0.154637E+08
  0.103331E-01  0.152267E+08  0.152150E+08  0.000000E+00  0.000000E+00  0.000000E+00  0.152247E+08
  0.108629E-01  0.149791E+08  0.149664E+08  0.000000E+00  0.000000E+00  0.000000E+00  0.149770E+08
  0.114199E-01  0.147225E+08  0.147087E+08  0.000000E+00  0.000000E+00  0.000000E+00  0.147202E+08
  0.120054E-01  0.144569E+08  0.144418E+08  0.000000E+00  0.000000E+00  0.000000E+00  0.144544E+08
  0.126209E-01  0.141821E+08  0.141657E+08  0.000000E+00  0.000000E+00  0.000000E+00  0.141793E+08
  0.132680E-01  0.138979E+08  0.138801E+08  0.000000E+00  0.000000E+00  0.000000E+00  0.138949E+08
  0.139483E-01  0.136044E+08  0.135851E+08  0.000000E+00  0.000000E+00  0.000000E+00  0.136012E+08
  0.146634E-01  0.133015E+08  0.132807E+08  0.000000E+00  0.000000E+00  0.000000E+00  0.132980E+08
  0.154152E-01  0.129892E+08  0.129667E+08  0.000000E+00  0.000000E+00  0.000000E+00  0.129854E+08
  0.162056E-01  0.126676E+08  0.126434E+08  0.000000E+00  0.000000E+00  0.000000E+00  0.126636E+08
  0.170364E-01  0.123368E+08  0.123108E+08  0.000000E+00  0.000000E+00  0.000000E+00  0.123325E+08
  0.179099E-01  0.119972E+08  0.119692E+08  0.000000E+00  0.000000E+00  0.000000E+00  0.119925E+08
  0.188282E-01  0.116489E+08  0.116190E+08  0.000000E+00  0.000000E+00  0.000000E+00  0.116439E+08
  0.197935E-01  0.112926E+08  0.112607E+08  0.000000E+00  0.000000E+00  0.000000E+00  0.112872E+08
  0.208084E-01  0.109287E+08  0.108948E+08  0.000000E+00  0.000000E+00  0.000000E+00  0.109230E+08
  0.218752E-01  0.105581E+08  0.105223E+08  0.000000E+00  0.000000E+00  0.000000E+00  0.105522E+08
  0.229968E-01  0.101819E+08  0.101440E+08  0.000000E+00  0.000000E+00  0.000000E+00  0.101755E+08
  0.241759E-01  0.980104E+07  0.976130E+07  0.000000E+00  0.000000E+00  0.000000E+00  0.979440E+07
  0.254154E-01  0.941710E+07  0.937559E+07  0.000000E+00  0.000000E+00  0.000000E+00  0.941017E+07
  0.267185E-01  0.903172E+07  0.898860E+07  0.000000E+00  0.000000E+00  0.000000E+00  0.902452E+07
  0.280883E-01  0.864683E+07  0.860231E+07  0.000000E+00  0.000000E+00  0.000000E+00  0.863939E+07
  0.295285E-01  0.826459E+07  0.821896E+07  0.000000E+00  0.000000E+00  0.000000E+00  0.825697E+07
  0.310424E-01  0.788744E+07  0.784101E+07  0.000000E+00  0.000000E+00  0.000000E+00  0.787968E+07
  0.326340E-01  0.751633E+07  0.746951E+07  0.000000E+00  0.000000E+00  0.000000E+00  0.750851E+07
  0.343072E-01  0.715256E+07  0.710578E+07  0.000000E+00  0.000000E+00  0.000000E+00  0.714474E+07
  0.360661E-01  0.680197E+07  0.675574E+07  0.000000E+00  0.000000E+00  0.000000E+00  0.679424E+07
  0.379153E-01  0.646737E+07  0.642223E+07  0.000000E+00  0.000000E+00  0.000000E+00  0.645983E+07
  0.398593E-01  0.615117E+07  0.610768E+07  0.000000E+00  0.000000E+00  0.000000E+00  0.614390E+07
  0.419029E-01  0.585509E+07  0.581380E+07  0.000000E+00  0.000000E+00  0.000000E+00  0.584820E+07
  0.440513E-01  0.558000E+07  0.554144E+07  0.000000E+00  0.000000E+00  0.000000E+00  0.557356E+07
  0.463099E-01  0.532576E+07  0.529037E+07  0.000000E+00  0.000000E+00  0.000000E+00  0.531985E+07
  0.486842E-01  0.509137E+07  0.505950E+07  0.000000E+00  0.000000E+00  0.000000E+00  0.508605E+07
  0.511803E-01  0.487533E+07  0.484719E+07  0.000000E+00  0.000000E+00  0.000000E+00  0.487063E+07
  0.538044E-01  0.467522E+07  0.465083E+07  0.000000E+00  0.000000E+00  0.000000E+00  0.467115E+07
  0.565630E-01  0.448775E+07  0.446692E+07  0.000000E+00  0.000000E+00  0.000000E+00  0.448427E+07
  0.594630E-01  0.430780E+07  0.429013E+07  0.000000E+00  0.000000E+00  0.000000E+00  0.430485E+07
  0.625118E-01  0.412899E+07  0.411387E+07  0.000000E+00  0.000000E+00  0.000000E+00  0.412647E+07
  0.657168E-01  0.394547E+07  0.393212E+07  0.000000E+00  0.000000E+00  0.000000E+00  0.394324E+07
  0.690862E-01  0.375371E+07  0.374127E+07  0.000000E+00  0.000000E+00  0.000000E+00  0.375163E+07
  0.726283E-01  0.355331E+07  0.354092E+07  0.000000E+00  0.000000E+00  0.000000E+00  0.355124E+07
  0.763520E-01  0.334445E+07  0.333139E+07  0.000000E+00  0.000000E+00  0.000000E+00  0.334227E+07
  0.802667E-01  0.312804E+07  0.311386E+07  0.000000E+00  0.000000E+00  0.000000E+00  0.312567E+07
  0.843821E-01  0.291064E+07  0.289523E+07  0.000000E+00  0.000000E+00  0.000000E+00  0.290806E+07
  0.887085E-01  0.270270E+07  0.268637E+07  0.000000E+00  0.000000E+00  0.000000E+00  0.269997E+07
  0.932566E-01  0.251418E+07  0.249759E+07  0.000000E+00  0.000000E+00  0.000000E+00  0.251141E+07
  0.980380E-01  0.235118E+07  0.233523E+07  0.000000E+00  0.000000E+00  0.000000E+00  0.234851E+07
  0.103064E+00  0.221529E+07  0.220088E+07  0.000000E+00  0.000000E+00  0.000000E+00  0.221288E+07
  0.108349E+00  0.210393E+07  0.209171E+07  0.000000E+00  0.000000E+00  0.000000E+00  0.210189E+07
  0.113904E+00  0.200944E+07  0.199959E+07  0.000000E+00  0.000000E+00  0.000000E+00  0.200780E+07
  0.119744E+00  0.191854E+07  0.191064E+07  0.000000E+00  0.000000E+00  0.000000E+00  0.191722E+07
  0.125883E+00  0.181893E+07  0.181215E+07  0.000000E+00  0.000000E+00  0.000000E+00  0.181780E+07
  0.132337E+00  0.170539E+07  0.169873E+07  0.000000E+00  0.000000E+00  0.000000E+00  0.170427E+07
  0.139123E+00  0.158012E+07  0.157285E+07  0.000000E+00  0.000000E+00  0.000000E+00  0.157891E+07
  0.146256E+00  0.145341E+07  0.144539E+07  0.000000E+00  0.000000E+00  0.000000E+00  0.145207E+07
  0.153754E+00  0.134022E+07  0.133197E+07  0.000000E+00  0.000000E+00  0.000000E+00  0.133884E+07
  0.161637E+00  0.125082E+07  0.124318E+07  0.000000E+00  0.000000E+00  0.000000E+00  0.124954E+07
  0.169925E+00  0.118308E+07  0.117669E+07  0.000000E+00  0.000000E+00  0.000000E+00  0.118201E+07
  0.178637E+00  0.112412E+07  0.111900E+07  0.000000E+00  0.000000E+00  0.000000E+00  0.112326E+07
  0.187796E+00  0.105951E+07  0.105506E+07  0.000000E+00  0.000000E+00  0.000000E+00  0.105876E+07
  0.197424E+00  0.983135E+06  0.978635E+06  0.000000E+00  0.000000E+00  0.000000E+00  0.982383E+06
  0.207546E+00  0.903320E+06  0.898505E+06  0.000000E+00  0.000000E+00  0.000000E+00  0.902516E+06
  0.218188E+00  0.833829E+06  0.829066E+06  0.000000E+00  0.000000E+00  0.000000E+00  0.833033E+06
  0.229374E+00  0.781159E+06  0.776986E+06  0.000000E+00  0.000000E+00  0.000000E+00  0.780462E+06
  0.241135E+00  0.736506E+06  0.733025E+06  0.000000E+00  0.000000E+00  0.000000E+00  0.735925E+06
  0.253498E+00  0.687962E+06  0.684780E+06  0.000000E+00  0.000000E+00  0.000000E+00  0.687430E+06
  0.266495E+00  0.634473E+06  0.631250E+06  0.000000E+00  0.000000E+00  0.000000E+00  0.633935E+06
  0.280158E+00  0.585697E+06  0.582551E+06  0.000000E+00  0.000000E+00  0.000000E+00  0.585172E+06
  0.294522E+00  0.546787E+06  0.544001E+06  0.000000E+00  0.000000E+00  0.000000E+00  0.546322E+06
  0.309623E+00  0.511102E+06  0.508642E+06  0.000000E+00  0.000000E+00  0.000000E+00  0.510691E+06
  0.325497E+00  0.473137E+06  0.470775E+06  0.000000E+00  0.000000E+00  0.000000E+00  0.472742E+06
  0.342186E+00  0.437055E+06  0.434788E+06  0.000000E+00  0.000000E+00  0.000000E+00  0.436676E+06
  0.359730E+00  0.406562E+06  0.404519E+06  0.000000E+00  0.000000E+00  0.000000E+00  0.406221E+06
  0.378174E+00  0.377784E+06  0.375918E+06  0.000000E+00  0.000000E+00  0.000000E+00  0.377472E+06
  0.397564E+00  0.349173E+06  0.347399E+06  0.000000E+00  0.000000E+00  0.000000E+00  0.348876E+06
  0.417947E+00  0.323533E+06  0.321898E+06  0.000000E+00  0.000000E+00  0.000000E+00  0.323260E+06
  0.439376E+00  0.300059E+06  0.298562E+06  0.000000E+00  0.000000E+00  0.000000E+00  0.299809E+06
  0.461903E+00  0.277431E+06  0.276030E+06  0.000000E+00  0.000000E+00  0.000000E+00  0.277197E+06
  0.485585E+00  0.256804E+06  0.255514E+06  0.000000E+00  0.000000E+00  0.000000E+00  0.256589E+06
  0.510482E+00  0.237620E+06  0.236428E+06  0.000000E+00  0.000000E+00  0.000000E+00  0.237421E+06
  0.536655E+00  0.219638E+06  0.218532E+06  0.000000E+00  0.000000E+00  0.000000E+00  0.219453E+06
  0.564169E+00  0.203094E+06  0.202075E+06  0.000000E+00  0.000000E+00  0.000000E+00  0.202924E+06
  0.593095E+00  0.187637E+06  0.186694E+06  0.000000E+00  0.000000E+00  0.000000E+00  0.187479E+06
  0.623504E+00  0.173351E+06  0.172481E+06  0.000000E+00  0.000000E+00  0.000000E+00  0.173206E+06
  0.655472E+00  0.160075E+06  0.159271E+06  0.000000E+00  0.000000E+00  0.000000E+00  0.159941E+06
  0.689078E+00  0.147783E+06  0.147041E+06  0.000000E+00  0.000000E+00  0.000000E+00  0.147659E+06
  0.724408E+00  0.136387E+06  0.135702E+06  0.000000E+00  0.000000E+00  0.000000E+00  0.136272E+06
  0.761549E+00  0.125834E+06  0.125202E+06  0.000000E+00  0.000000E+00  0.000000E+00  0.125728E+06
  0.800595E+00  0.116061E+06  0.115478E+06  0.000000E+00  0.000000E+00  0.000000E+00  0.115964E+06
  0.841642E+00  0.107017E+06  0.106480E+06  0.000000E+00  0.000000E+00  0.000000E+00  0.106927E+06
  0.884794E+00  0.986506E+05  0.981553E+05  0.000000E+00  0.000000E+00  0.000000E+00  0.985679E+05
  0.930158E+00  0.909138E+05  0.904574E+05  0.000000E+00  0.000000E+00  0.000000E+00  0.908376E+05
  0.977849E+00  0.837621E+05  0.833417E+05  0.000000E+00  0.000000E+00  0.000000E+00  0.836919E+05
  0.102798E+01  0.771522E+05  0.767650E+05  0.000000E+00  0.000000E+00  0.000000E+00  0.770875E+05
  0.108069E+01  0.710453E+05  0.706887E+05  0.000000E+00  0.000000E+00  0.000000E+00  0.709858E+05
  0.113610E+01  0.654057E+05  0.650774E+05  0.000000E+00  0.000000E+00  0.000000E+00  0.653508E+05
  0.119435E+01  0.601992E+05  0.598970E+05  0.000000E+00  0.000000E+00  0.000000E+00  0.601487E+05
  0.125558E+01  0.553940E+05  0.551160E+05  0.000000E+00  0.000000E+00  0.000000E+00  0.553476E+05
  0.131996E+01  0.509605E+05  0.507048E+05  0.000000E+00  0.000000E+00  0.000000E+00  0.509178E+05
  0.138763E+01  0.468716E+05  0.466364E+05  0.000000E+00  0.000000E+00  0.000000E+00  0.468323E+05
  0.145878E+01  0.431010E+05  0.428847E+05  0.000000E+00  0.000000E+00  0.000000E+00  0.430649E+05
  0.153357E+01  0.396248E+05  0.394259E+05  0.000000E+00  0.000000E+00  0.000000E+00  0.395916E+05
  0.161220E+01  0.364213E+05  0.362386E+05  0.000000E+00  0.000000E+00  0.000000E+00  0.363908E+05
  0.169486E+01  0.334700E+05  0.333020E+05  0.000000E+00  0.000000E+00  0.000000E+00  0.334419E+05
  0.178176E+01  0.307516E+05  0.305973E+05  0.000000E+00  0.000000E+00  0.000000E+00  0.307258E+05
  0.187311E+01  0.282485E+05  0.281068E+05  0.000000E+00  0.000000E+00  0.000000E+00  0.282249E+05
  0.196914E+01  0.259440E+05  0.258138E+05  0.000000E+00  0.000000E+00  0.000000E+00  0.259222E+05
  0.207011E+01  0.238228E+05  0.237033E+05  0.000000E+00  0.000000E+00  0.000000E+00  0.238029E+05
  0.217624E+01  0.218711E+05  0.217613E+05  0.000000E+00  0.000000E+00  0.000000E+00  0.218527E+05
  0.228782E+01  0.200756E+05  0.199749E+05  0.000000E+00  0.000000E+00  0.000000E+00  0.200588E+05
  0.240512E+01  0.184244E+05  0.183319E+05  0.000000E+00  0.000000E+00  0.000000E+00  0.184089E+05
  0.252843E+01  0.169059E+05  0.168210E+05  0.000000E+00  0.000000E+00  0.000000E+00  0.168917E+05
  0.265807E+01  0.155099E+05  0.154320E+05  0.000000E+00  0.000000E+00  0.000000E+00  0.154969E+05
  0.279435E+01  0.142267E+05  0.141553E+05  0.000000E+00  0.000000E+00  0.000000E+00  0.142148E+05
  0.293762E+01  0.130477E+05  0.129822E+05  0.000000E+00  0.000000E+00  0.000000E+00  0.130368E+05
  0.308823E+01  0.119645E+05  0.119044E+05  0.000000E+00  0.000000E+00  0.000000E+00  0.119544E+05
  0.324657E+01  0.109694E+05  0.109143E+05  0.000000E+00  0.000000E+00  0.000000E+00  0.109602E+05
  0.341303E+01  0.100555E+05  0.100050E+05  0.000000E+00  0.000000E+00  0.000000E+00  0.100471E+05
  0.358802E+01  0.921640E+04  0.917013E+04  0.000000E+00  0.000000E+00  0.000000E+00  0.920867E+04
  0.377198E+01  0.844609E+04  0.840368E+04  0.000000E+00  0.000000E+00  0.000000E+00  0.843900E+04
  0.396537E+01  0.773901E+04  0.770014E+04  0.000000E+00  0.000000E+00  0.000000E+00  0.773252E+04
  0.416868E+01  0.709010E+04  0.705449E+04  0.000000E+00  0.000000E+00  0.000000E+00  0.708415E+04
  0.438241E+01  0.649474E+04  0.646210E+04  0.000000E+00  0.000000E+00  0.000000E+00  0.648928E+04
  0.460711E+01  0.594854E+04  0.591865E+04  0.000000E+00  0.000000E+00  0.000000E+00  0.594355E+04
  0.484332E+01  0.544752E+04  0.542014E+04  0.000000E+00  0.000000E+00  0.000000E+00  0.544295E+04
  0.509164E+01  0.498808E+04  0.496300E+04  0.000000E+00  0.000000E+00  0.000000E+00  0.498389E+04
  0.535269E+01  0.456680E+04  0.454383E+04  0.000000E+00  0.000000E+00  0.000000E+00  0.456296E+04
  0.562713E+01  0.418055E+04  0.415952E+04  0.000000E+00  0.000000E+00  0.000000E+00  0.417704E+04
  0.591564E+01  0.382650E+04  0.380724E+04  0.000000E+00  0.000000E+00  0.000000E+00  0.382328E+04
  0.621894E+01  0.350202E+04  0.348438E+04  0.000000E+00  0.000000E+00  0.000000E+00  0.349907E+04
  0.653779E+01  0.320466E+04  0.318852E+04  0.000000E+00  0.000000E+00  0.000000E+00  0.320196E+04
  0.687299E+01  0.293220E+04  0.291743E+04  0.000000E+00  0.000000E+00  0.000000E+00  0.292974E+04
  0.722538E+01  0.268261E+04  0.266909E+04  0.000000E+00  0.000000E+00  0.000000E+00  0.268036E+04
  0.759583E+01  0.245398E+04  0.244160E+04  0.000000E+00  0.000000E+00  0.000000E+00  0.245191E+04
  0.798528E+01  0.224459E+04  0.223325E+04  0.000000E+00  0.000000E+00  0.000000E+00  0.224269E+04
  0.839469E+01  0.205284E+04  0.204247E+04  0.000000E+00  0.000000E+00  0.000000E+00  0.205111E+04
  0.882510E+01  0.187727E+04  0.186777E+04  0.000000E+00  0.000000E+00  0.000000E+00  0.187568E+04
  0.927757E+01  0.171654E+04  0.170785E+04  0.000000E+00  0.000000E+00  0.000000E+00  0.171508E+04
  0.975324E+01  0.156940E+04  0.156144E+04  0.000000E+00  0.000000E+00  0.000000E+00  0.156807E+04
  0.102533E+02  0.143473E+04  0.142745E+04  0.000000E+00  0.000000E+00  0.000000E+00  0.143351E+04
  0.107790E+02  0.131149E+04  0.130482E+04  0.000000E+00  0.000000E+00  0.000000E+00  0.131037E+04
  0.113316E+02  0.119871E+04  0.119261E+04  0.000000E+00  0.000000E+00  0.000000E+00  0.119769E+04
  0.119126E+02  0.109553E+04  0.108994E+04  0.000000E+00  0.000000E+00  0.000000E+00  0.109459E+04
  0.125234E+02  0.100113E+04  0.996016E+03  0.000000E+00  0.000000E+00  0.000000E+00  0.100027E+04
  0.131655E+02  0.914778E+03  0.910100E+03  0.000000E+00  0.000000E+00  0.000000E+00  0.913997E+03
  0.138405E+02  0.835799E+03  0.831516E+03  0.000000E+00  0.000000E+00  0.000000E+00  0.835083E+03
  0.145501E+02  0.763570E+03  0.759649E+03  0.000000E+00  0.000000E+00  0.000000E+00  0.762915E+03
  0.152961E+02  0.697519E+03  0.693927E+03  0.000000E+00  0.000000E+00  0.000000E+00  0.696919E+03
  0.160804E+02  0.637127E+03  0.633837E+03  0.000000E+00  0.000000E+00  0.000000E+00  0.636578E+03
  0.169048E+02  0.581912E+03  0.578898E+03  0.000000E+00  0.000000E+00  0.000000E+00  0.581409E+03
  0.177716E+02  0.531438E+03  0.528675E+03  0.000000E+00  0.000000E+00  0.000000E+00  0.530976E+03
  0.186827E+02  0.485300E+03  0.482768E+03  0.000000E+00  0.000000E+00  0.000000E+00  0.484877E+03
  0.196406E+02  0.443130E+03  0.440808E+03  0.000000E+00  0.000000E+00  0.000000E+00  0.442742E+03
  0.206476E+02  0.404592E+03  0.402462E+03  0.000000E+00  0.000000E+00  0.000000E+00  0.404236E+03
  0.217062E+02  0.369374E+03  0.367420E+03  0.000000E+00  0.000000E+00  0.000000E+00  0.369048E+03
  0.228191E+02  0.337196E+03  0.335402E+03  0.000000E+00  0.000000E+00  0.000000E+00  0.336896E+03
  0.239891E+02  0.307796E+03  0.306149E+03  0.000000E+00  0.000000E+00  0.000000E+00  0.307521E+03
  0.252190E+02  0.280937E+03  0.279423E+03  0.000000E+00  0.000000E+00  0.000000E+00  0.280684E+03
  0.265121E+02  0.256402E+03  0.255010E+03  0.000000E+00  0.000000E+00  0.000000E+00  0.256169E+03
  0.278714E+02  0.233991E+03  0.232711E+03  0.000000E+00  0.000000E+00  0.000000E+00  0.233777E+03
  0.293003E+02  0.213523E+03  0.212345E+03  0.000000E+00  0.000000E+00  0.000000E+00  0.213326E+03
  0.308026E+02  0.194830E+03  0.193744E+03  0.000000E+00  0.000000E+00  0.000000E+00  0.194649E+03
  0.323819E+02  0.177760E+03  0.176759E+03  0.000000E+00  0.000000E+00  0.000000E+00  0.177593E+03
  0.340422E+02  0.162174E+03  0.161250E+03  0.000000E+00  0.000000E+00  0.000000E+00  0.162019E+03
  0.357875E+02  0.147942E+03  0.147089E+03  0.000000E+00  0.000000E+00  0.000000E+00  0.147800E+03
  0.376224E+02  0.134950E+03  0.134161E+03  0.000000E+00  0.000000E+00  0.000000E+00  0.134818E+03
  0.395513E+02  0.123089E+03  0.122358E+03  0.000000E+00  0.000000E+00  0.000000E+00  0.122967E+03
  0.415792E+02  0.112262E+03  0.111585E+03  0.000000E+00  0.000000E+00  0.000000E+00  0.112149E+03
  0.437110E+02  0.102380E+03  0.101751E+03  0.000000E+00  0.000000E+00  0.000000E+00  0.102275E+03
  0.459521E+02  0.933602E+02  0.927756E+02  0.000000E+00  0.000000E+00  0.000000E+00  0.932625E+02
  0.483081E+02  0.851287E+02  0.845845E+02  0.000000E+00  0.000000E+00  0.000000E+00  0.850378E+02
  0.507849E+02  0.776169E+02  0.771095E+02  0.000000E+00  0.000000E+00  0.000000E+00  0.775321E+02
  0.533887E+02  0.707623E+02  0.702884E+02  0.000000E+00  0.000000E+00  0.000000E+00  0.706831E+02
  0.561260E+02  0.645079E+02  0.640644E+02  0.000000E+00  0.000000E+00  0.000000E+00  0.644338E+02
  0.590037E+02  0.588015E+02  0.583858E+02  0.000000E+00  0.000000E+00  0.000000E+00  0.587320E+02
  0.620288E+02  0.535955E+02  0.532051E+02  0.000000E+00  0.000000E+00  0.000000E+00  0.535303E+02
  0.652091E+02  0.488462E+02  0.484787E+02  0.000000E+00  0.000000E+00  0.000000E+00  0.487848E+02
  0.685525E+02  0.445138E+02  0.441673E+02  0.000000E+00  0.000000E+00  0.000000E+00  0.444560E+02
  0.720673E+02  0.405621E+02  0.402346E+02  0.000000E+00  0.000000E+00  0.000000E+00  0.405074E+02
  0.757622E+02  0.369578E+02  0.366475E+02  0.000000E+00  0.000000E+00  0.000000E+00  0.369059E+02
  0.796466E+02  0.336705E+02  0.333760E+02  0.000000E+00  0.000000E+00  0.000000E+00  0.336214E+02
  0.837302E+02  0.306726E+02  0.303924E+02  0.000000E+00  0.000000E+00  0.000000E+00  0.306258E+02
  0.880231E+02  0.279387E+02  0.276714E+02  0.000000E+00  0.000000E+00  0.000000E+00  0.278940E+02
  0.925361E+02  0.254457E+02  0.251903E+02  0.000000E+00  0.000000E+00  0.000000E+00  0.254031E+02
  0.972806E+02  0.231725E+02  0.229278E+02  0.000000E+00  0.000000E+00  0.000000E+00  0.231317E+02
  0.102268E+03  0.211000E+02  0.208650E+02  0.000000E+00  0.000000E+00  0.000000E+00  0.210607E+02
  0.107512E+03  0.192103E+02  0.189843E+02  0.000000E+00  0.000000E+00  0.000000E+00  0.191726E+02
  0.113024E+03  0.174877E+02  0.172697E+02  0.000000E+00  0.000000E+00  0.000000E+00  0.174513E+02
  0.118819E+03  0.159173E+02  0.157066E+02  0.000000E+00  0.000000E+00  0.000000E+00  0.158821E+02
  0.124911E+03  0.144857E+02  0.142818E+02  0.000000E+00  0.000000E+00  0.000000E+00  0.144517E+02
  0.131315E+03  0.131809E+02  0.129831E+02  0.000000E+00  0.000000E+00  0.000000E+00  0.131479E+02
  0.138048E+03  0.119916E+02  0.117993E+02  0.000000E+00  0.000000E+00  0.000000E+00  0.119595E+02
  0.145126E+03  0.109077E+02  0.107206E+02  0.000000E+00  0.000000E+00  0.000000E+00  0.108764E+02
  0.152566E+03  0.991989E+01  0.973748E+01  0.000000E+00  0.000000E+00  0.000000E+00  0.988942E+01
  0.160389E+03  0.901970E+01  0.884163E+01  0.000000E+00  0.000000E+00  0.000000E+00  0.898996E+01
  0.168612E+03  0.819948E+01  0.802542E+01  0.000000E+00  0.000000E+00  0.000000E+00  0.817041E+01
  0.177257E+03  0.745212E+01  0.728180E+01  0.000000E+00  0.000000E+00  0.000000E+00  0.742367E+01
  0.186345E+03  0.677125E+01  0.660443E+01  0.000000E+00  0.000000E+00  0.000000E+00  0.674339E+01
  0.195899E+03  0.615100E+01  0.598746E+01  0.000000E+00  0.000000E+00  0.000000E+00  0.612368E+01
  0.205943E+03  0.558599E+01  0.542558E+01  0.000000E+00  0.000000E+00  0.000000E+00  0.555920E+01
  0.216502E+03  0.507141E+01  0.491399E+01  0.000000E+00  0.000000E+00  0.000000E+00  0.504512E+01
  0.227602E+03  0.460278E+01  0.444824E+01  0.000000E+00  0.000000E+00  0.000000E+00  0.457697E+01
  0.239272E+03  0.417608E+01  0.402435E+01  0.000000E+00  0.000000E+00  0.000000E+00  0.415074E+01
  0.251539E+03  0.378761E+01  0.363865E+01  0.000000E+00  0.000000E+00  0.000000E+00  0.376273E+01
  0.264436E+03  0.343400E+01  0.328778E+01  0.000000E+00  0.000000E+00  0.000000E+00  0.340958E+01
  0.277994E+03  0.311221E+01  0.296873E+01  0.000000E+00  0.000000E+00  0.000000E+00  0.308824E+01
  0.292247E+03  0.281942E+01  0.267871E+01  0.000000E+00  0.000000E+00  0.000000E+00  0.279592E+01
  0.307231E+03  0.255311E+01  0.241521E+01  0.000000E+00  0.000000E+00  0.000000E+00  0.253007E+01
  0.322983E+03  0.231095E+01  0.217593E+01  0.000000E+00  0.000000E+00  0.000000E+00  0.228839E+01
  0.339543E+03  0.209081E+01  0.195876E+01  0.000000E+00  0.000000E+00  0.000000E+00  0.206875E+01
  0.356951E+03  0.189080E+01  0.176180E+01  0.000000E+00  0.000000E+00  0.000000E+00  0.186925E+01
  0.375253E+03  0.170913E+01  0.158329E+01  0.000000E+00  0.000000E+00  0.000000E+00  0.168811E+01
  0.394492E+03  0.154422E+01  0.142164E+01  0.000000E+00  0.000000E+00  0.000000E+00  0.152375E+01
  0.414718E+03  0.139461E+01  0.127541E+01  0.000000E+00  0.000000E+00  0.000000E+00  0.137470E+01
  0.435982E+03  0.125894E+01  0.114323E+01  0.000000E+00  0.000000E+00  0.000000E+00  0.123961E+01
  0.458334E+03  0.113602E+01  0.102390E+01  0.000000E+00  0.000000E+00  0.000000E+00  0.111729E+01
  0.481834E+03  0.102471E+01  0.916279E+00  0.000000E+00  0.000000E+00  0.000000E+00  0.100660E+01
  0.506538E+03  0.924011E+00  0.819344E+00  0.000000E+00  0.000000E+00  0.000000E+00  0.906528E+00
  0.532508E+03  0.832969E+00  0.732132E+00  0.000000E+00  0.000000E+00  0.000000E+00  0.816126E+00
  0.559811E+03  0.750725E+00  0.653757E+00  0.000000E+00  0.000000E+00  0.000000E+00  0.734528E+00
  0.588513E+03  0.676492E+00  0.583408E+00  0.000000E+00  0.000000E+00  0.000000E+00  0.660944E+00
  0.618688E+03  0.609535E+00  0.520324E+00  0.000000E+00  0.000000E+00  0.000000E+00  0.594634E+00
  0.650408E+03  0.549188E+00  0.463809E+00  0.000000E+00  0.000000E+00  0.000000E+00  0.534927E+00
  0.683754E+03  0.494827E+00  0.413213E+00  0.000000E+00  0.000000E+00  0.000000E+00  0.481195E+00
  0.718812E+03  0.445879E+00  0.367943E+00  0.000000E+00  0.000000E+00  0.000000E+00  0.432861E+00
  0.755666E+03  0.401821E+00  0.327455E+00  0.000000E+00  0.000000E+00  0.000000E+00  0.389400E+00
  0.794411E+03  0.362168E+00  0.291251E+00  0.000000E+00  0.000000E+00  0.000000E+00  0.350323E+00
  0.835140E+03  0.326482E+00  0.258888E+00  0.000000E+00  0.000000E+00  0.000000E+00  0.315191E+00
  0.877958E+03  0.294359E+00  0.229964E+00  0.000000E+00  0.000000E+00  0.000000E+00  0.283603E+00
  0.922973E+03  0.265436E+00  0.204120E+00  0.000000E+00  0.000000E+00  0.000000E+00  0.255194E+00
  0.970294E+03  0.239390E+00  0.181043E+00  0.000000E+00  0.000000E+00  0.000000E+00  0.229644E+00
  0.102004E+04  0.215927E+00  0.160450E+00  0.000000E+00  0.000000E+00  0.000000E+00  0.206661E+00
  0.107234E+04  0.194790E+00  0.142094E+00  0.000000E+00  0.000000E+00  0.000000E+00  0.185988E+00
  0.112732E+04  0.175747E+00  0.125745E+00  0.000000E+00  0.000000E+00  0.000000E+00  0.167395E+00
  0.118512E+04  0.158591E+00  0.111198E+00  0.000000E+00  0.000000E+00  0.000000E+00  0.150675E+00
  0.124588E+04  0.143137E+00  0.982628E-01  0.000000E+00  0.000000E+00  0.000000E+00  0.135642E+00
  0.130976E+04  0.129216E+00  0.867646E-01  0.000000E+00  0.000000E+00  0.000000E+00  0.122125E+00
  0.137691E+04  0.116675E+00  0.765465E-01  0.000000E+00  0.000000E+00  0.000000E+00  0.109972E+00
  0.144751E+04  0.105374E+00  0.674683E-01  0.000000E+00  0.000000E+00  0.000000E+00  0.990428E-01
  0.152173E+04  0.951878E-01  0.594077E-01  0.000000E+00  0.000000E+00  0.000000E+00  0.892113E-01
  0.159974E+04  0.860030E-01  0.522595E-01  0.000000E+00  0.000000E+00  0.000000E+00  0.803667E-01
  0.168177E+04  0.777190E-01  0.459285E-01  0.000000E+00  0.000000E+00  0.000000E+00  0.724089E-01
  0.176799E+04  0.702472E-01  0.403280E-01  0.000000E+00  0.000000E+00  0.000000E+00  0.652497E-01
  0.185864E+04  0.635072E-01  0.353766E-01  0.000000E+00  0.000000E+00  0.000000E+00  0.588085E-01
  0.195393E+04  0.574263E-01  0.309999E-01  0.000000E+00  0.000000E+00  0.000000E+00  0.530122E-01
  0.205411E+04  0.519388E-01  0.271333E-01  0.000000E+00  0.000000E+00  0.000000E+00  0.477955E-01
  0.215943E+04  0.469848E-01  0.237217E-01  0.000000E+00  0.000000E+00  0.000000E+00  0.430991E-01
  0.227015E+04  0.425117E-01  0.207170E-01  0.000000E+00  0.000000E+00  0.000000E+00  0.388713E-01
  0.238654E+04  0.384720E-01  0.180738E-01  0.000000E+00  0.000000E+00  0.000000E+00  0.350648E-01
  0.250890E+04  0.348229E-01  0.157491E-01  0.000000E+00  0.000000E+00  0.000000E+00  0.316370E-01
  0.263753E+04  0.315262E-01  0.137060E-01  0.000000E+00  0.000000E+00  0.000000E+00  0.285496E-01
  0.277277E+04  0.285466E-01  0.119134E-01  0.000000E+00  0.000000E+00  0.000000E+00  0.257683E-01
  0.291493E+04  0.258533E-01  0.103434E-01  0.000000E+00  0.000000E+00  0.000000E+00  0.232626E-01
  0.306437E+04  0.234182E-01  0.896921E-02  0.000000E+00  0.000000E+00  0.000000E+00  0.210048E-01
  0.322149E+04  0.212161E-01  0.776713E-02  0.000000E+00  0.000000E+00  0.000000E+00  0.189696E-01
  0.338666E+04  0.192241E-01  0.671784E-02  0.000000E+00  0.000000E+00  0.000000E+00  0.171352E-01
  0.356030E+04  0.174219E-01  0.580314E-02  0.000000E+00  0.000000E+00  0.000000E+00  0.154812E-01
  0.374284E+04  0.157911E-01  0.500620E-02  0.000000E+00  0.000000E+00  0.000000E+00  0.139897E-01
  0.393474E+04  0.143151E-01  0.431317E-02  0.000000E+00  0.000000E+00  0.000000E+00  0.126445E-01
  0.413648E+04  0.129789E-01  0.371138E-02  0.000000E+00  0.000000E+00  0.000000E+00  0.114309E-01
  0.434856E+04  0.117690E-01  0.318924E-02  0.000000E+00  0.000000E+00  0.000000E+00  0.103359E-01
  0.457152E+04  0.106732E-01  0.273708E-02  0.000000E+00  0.000000E+00  0.000000E+00  0.934764E-02
  0.480590E+04  0.968076E-02  0.234595E-02  0.000000E+00  0.000000E+00  0.000000E+00  0.845560E-02
  0.505230E+04  0.878159E-02  0.200811E-02  0.000000E+00  0.000000E+00  0.000000E+00  0.765020E-02
  0.531134E+04  0.796681E-02  0.171672E-02  0.000000E+00  0.000000E+00  0.000000E+00  0.692284E-02
  0.558366E+04  0.722841E-02  0.146573E-02  0.000000E+00  0.000000E+00  0.000000E+00  0.626585E-02
  0.586994E+04  0.655908E-02  0.124985E-02  0.000000E+00  0.000000E+00  0.000000E+00  0.567226E-02
  0.617090E+04  0.595231E-02  0.106443E-02  0.000000E+00  0.000000E+00  0.000000E+00  0.513587E-02
  0.648728E+04  0.540214E-02  0.905404E-03  0.000000E+00  0.000000E+00  0.000000E+00  0.465104E-02
  0.681990E+04  0.490322E-02  0.769194E-03  0.000000E+00  0.000000E+00  0.000000E+00  0.421270E-02
  0.716956E+04  0.445073E-02  0.652688E-03  0.000000E+00  0.000000E+00  0.000000E+00  0.381633E-02
  0.753716E+04  0.404028E-02  0.553174E-03  0.000000E+00  0.000000E+00  0.000000E+00  0.345781E-02
  0.792359E+04  0.366793E-02  0.468294E-03  0.000000E+00  0.000000E+00  0.000000E+00  0.313348E-02
  0.832983E+04  0.333010E-02  0.395986E-03  0.000000E+00  0.000000E+00  0.000000E+00  0.284001E-02
  0.875692E+04  0.302355E-02  0.334469E-03  0.000000E+00  0.000000E+00  0.000000E+00  0.257438E-02
  0.920589E+04  0.274537E-02  0.282203E-03  0.000000E+00  0.000000E+00  0.000000E+00  0.233394E-02
  0.967790E+04  0.249289E-02  0.237851E-03  0.000000E+00  0.000000E+00  0.000000E+00  0.211622E-02
  0.101741E+05  0.226373E-02  0.200264E-03  0.000000E+00  0.000000E+00  0.000000E+00  0.191906E-02
